1 10
100 200
201 210
900 1000
1 20
45 67
878 909
100 200
201 210
900 1000
450 900
1345 1400
1450 1600
3245 6000
7000 7500
6565 7000
3454 3552
3450 4000
600 1250
1250 3200
8500 9000
9599 10250
6000 7000
6554 7000
10000 10500
12345 13454
6565 7565
8888 9999
8 64
32400 35400
1234 1256
1456 1789
89799 90990
4565 9090
245 2789
6888 8000
9090 12343
12343 12900
1560 1600
1650 9000
950 1000
1500 2500
1432 1565
30000 30500
32454 70000
6909 7000
6789 7006
54321 54533
7676 8787
9898 10000
9 10
10 656
4545 9090
6565 7878
6767 8900
60000 60600
9999 10565
822164 517979
841575 791593
92035 305793
982339 408037
87726 740517
765409 248838
218091 265145
89860 141263
780879 506922
130915 751981
939995 135588
438183 733694
740484 501785
229 621003
645810 562764
750172 453736
808956 470120
79829 982155
22522 207559
529903 437891
1 2
3 4
5 6
7 8
9 10
999999 999999
50 50
100 100
100000 100000
15 20
20 25
30 35
40 45
50 55
107 108
108 109
1500 2000
2000 2500
2500 3000
4600 5000
10000 10000
100001 100002
11 10
