1 10
100 200
201 210
900 1000
1 20
66622 712507
557033 776549
967969 986016
516871 995559
41908 726540
505535 649637
243358 882977
322742 800503
174772 945519
92872 570937
3443 166535
9247 38933
592 1074
1852 8636
4208 3767
4764 4174
7792 7261
7706 2477
8034 6613
4427 5058
1744 6173
150 7681
1686 6209
5084 674
195 7895
6844 8536
9161 8758
3758 7960
2505 8962
6119 9485
9632 9754
7244 3234
8028 8252
1262 5858
2534 8497
2059 565
4422 4025
1 10
100 200
201 210
900 1000
1 1
29 45
48 48
20 3
32 7
25 17
8 33
15 27
44 15
43 37
35 33
3 47
14 5
19 27
5 38
40 36
88 100
20 21
222222 22222
48 96
12 12
13 133333
456 3453
245 8765
4554 56567
244 45
324 6453
3455 34543
22 33
987243 334
234 546456
23 24
1357 45765
324 6
234365 88
2345 756567
34 333
567678 456
35345 567567
456 45646
5435 444
5354 76
56 58
1 10000
10000 1
1 14
14 2
35 88
234 666
333 666
111 666
778 5454
2354 987
1 100
56 57
345 55
345 56
345 57
12 22
3 4
